Rozmiar mapy: 30x30 gdzie 1x1 to 32 px x 32 px

Numery bloków: 

0 - Meta
1 - Podloga
2 - Lod
3 - Ognisko
4 - MikolajnaSniegu
5 - ElfnaSniegu1
6 - ElfnaSniegu2
7 - ElfnaSniegu3
8 - LDolLewo
9 - LDolPrawo
10 - LGoraLewo
11 - LGoraPrawo
12 - RogDol
13 - RogGora
15 - BlokSniegu
16 - RogPrawy
17 - RogLewy
18 - RogDolLewo
19 - RogDolPrawo
20 - RogGoraLewo
21 - RogGoraPrawo

tab = 
15,15,15,15,15,15,15,15,15,15,15,15,15,15,15,15,15,15,15,15,15,15,15,15,15,15,15,15,15,15,15,15,15,15,15,15
15,15,15,15,15,15,15,15,15,15,15,15,15,15,15,15,15,15,15,15,15,15,15,15,15,15,15,15,15,15,15,15,15,15,15,15
15,15,15,15,15,15,15,15,15,15,15,15,15,15,15,15,15,15,15,15,15,15,15,15,15,15,15,15,15,15,15,15,15,15,15,15
15,15,15,15,15,15,15,15,15,15,15,15,15,5,6,3,15,15,15,15,15,15,15,15,15,15,15,15,15,15,15,15,15,15,15,15
15,15,15,15,15,1,1,1,3,15,15,15,15,1,1,1,15,1,1,1,1,1,1,1,1,1,1,1,1,1,1,1,2,15,15,15
15,15,15,15,15,1,15,1,15,15,15,15,1,1,2,1,15,15,15,15,1,15,15,15,15,1,15,15,1,15,15,15,15,15
15,15,15,15,15,1,15,1,15,15,15,1,1,2,2,1,15,1,15,15,15,15,1,15,15,15,15,1,15,15,1,15,15,15,15,15
15,15,15,,15,15,15
15,15,15, ,15,15,15
15,15,15,15,15,15,15,15,15,15,15,15,15,15,15,15,15,15,15,15,15,15,15,15,15,15,15,15,15,15,15,15,15,15,15,15
15,15,15,15,15,15,15,15,15,15,15,15,15,15,15,15,15,15,15,15,15,15,15,15,15,15,15,15,15,15,15,15,15,15,15,15
15,15,15,15,15,15,15,15,15,15,15,15,15,15,15,15,15,15,15,15,15,15,15,15,15,15,15,15,15,15,15,15,15,15,15,15